  0.000000000000000E+000  0.000000000000000E+000  0.000000000000000E+000
  0.000000000000000E+000  0.000000000000000E+000
  0.000000000000000E+000  0.000000000000000E+000  0.000000000000000E+000
  0.000000000000000E+000  0.000000000000000E+000
  0.000000000000000E+000  0.000000000000000E+000  0.000000000000000E+000
  0.000000000000000E+000  0.000000000000000E+000
  0.000000000000000E+000  0.000000000000000E+000  0.000000000000000E+000
  0.000000000000000E+000  0.000000000000000E+000
  0.000000000000000E+000  0.000000000000000E+000  0.000000000000000E+000
  0.000000000000000E+000  0.000000000000000E+000
  0.000000000000000E+000  0.000000000000000E+000  0.000000000000000E+000
  0.000000000000000E+000  0.000000000000000E+000
  1.622498138688203E-003   13.5208181639663       -10.9031088535867     
 -8.557763782729343E-002  3.661766048049701E-003
  1.958893113477282E-003   16.3241096913590       -22.1067668621449     
 -0.190655107399451       1.817468498874808E-002
  2.592040013889158E-003   21.6003339947466        1.71402907126506     
  1.700422635023701E-002  1.445718568850473E-004
  3.268182756413961E-003   27.2348569914600       -177.608520553784     
  -1.97849431554546        1.95721987832285     
  3.893400076393588E-003   32.4450014562429        122.700264046753     
   1.49185926874433        1.11282203886919     
  4.416469830267234E-003   36.8039161819721       -7.79203866674901     
 -0.100903580231425       5.090766251759769E-003
  4.854867078765138E-003   40.4572266784117        48.6525150690373     
  0.660559299115528       0.218169293823999     
  5.315202808951823E-003   44.2933578602095       -144.550664147192     
  -2.05351488193419        2.10846168516260     
  5.835159976697360E-003   48.6263343675492        84.6529455951454     
   1.26004571288577       0.793857599280900     
  6.125587045889957E-003   51.0465600052942       -107.700831620675     
  -1.64252034484008        1.34893654160679     
  7.201608439806177E-003   60.0134051811176        4.20375252554343     
  6.951359295865694E-002  2.416069803010920E-003
  8.015122839403623E-003   66.7926920156888       -21.6213456953601     
 -0.377186078425356       7.113466887894949E-002
  8.832361878626504E-003   73.6030175145895       -21.4903405568695     
 -0.393549684092221       7.744067692454355E-002
  9.336454593689673E-003   77.8037902462363        24.6995669509199     
  0.465048423763164       0.108135018222302     
  1.134555735826844E-002   94.5463137073445        5.54767266356561     
  0.115144073289034       6.629078806795172E-003
  1.283986136069647E-002   106.998847375489       -19.9421324329318     
 -0.440321210593193       9.694138424912743E-002
  1.512532392744005E-002   126.044369246149       -4.81881922982031     
 -0.115481075512351       6.667939400744634E-003
  1.618436137605088E-002   134.869681540852        37.7683082354069     
  0.936252862182248       0.438284710972226     
  1.754313265002153E-002   146.192775776653       -6.91081154973898     
 -0.178361233447900       1.590636479852817E-002
  1.930051069459568E-002   160.837593184730        4.21521920527537     
  0.114109659022353       6.510507141098801E-003
  2.031898162924201E-002   169.324851187856        5.13152537897972     
  0.142532956291644       1.015782181461783E-002
  2.184563771098819E-002   182.046985523795       8.922300661730276E-003
  2.569668261145188E-004  3.301597486168468E-008
  2.227969613413951E-002   185.664139141433       -14.1175605725485     
 -0.410612470024017       8.430130026961222E-002
  2.333258321165930E-002   194.438198342416       -4.61829802147151     
 -0.137461541387088       9.447837680256995E-003
  2.528601078582704E-002   210.716761871712        17.7003058144509     
  0.548452186637362       0.150399900513652     
  2.570354977904925E-002   214.196253569796        15.4614332922076     
  0.483018924765261       0.116653640840694     
  2.672770840075764E-002   222.730908966303       -8.99587155404761     
 -0.286577408506442       4.106330553313414E-002
  2.839140167761547E-002   236.595019957022      -0.955589806168695     
 -3.137493019782563E-002  4.921931224592152E-004
  2.962544823210482E-002   246.878741504222       -1.01543361390712     
 -3.405664353900301E-002  5.799274845713578E-004
  3.092824178258187E-002   257.735354699125       -6.43482784175491     
 -0.220512082713553       2.431278931133450E-002
  3.171995402178775E-002   264.332956859177       -2.80699017210599     
 -9.741481490031056E-002  4.744823081030885E-003
  3.578714052735524E-002   298.226178595121        2.24762378527459     
  8.285237490436395E-002  3.432258013646639E-003
  3.655154272133538E-002   304.596197039209        3.69208462018146     
  0.137544220102594       9.459206241815477E-003
  3.830169106099025E-002   319.180766904770        2.62911522413862     
  0.100262017069158       5.026236033388036E-003
  3.870305558990435E-002   322.525471396882        5.37252773871977     
  0.205953480807420       2.120841812834625E-002
  3.890899289835615E-002   324.241615677333        7.11357409985629     
  0.273420263641343       3.737932028485073E-002
  4.163210192037830E-002   346.934191434114        8.78592718615363     
  0.349316911570700       6.101115235464612E-002
  4.302402684042524E-002   358.533566060863        9.37825788299503     
  0.379049162747301       7.183913388971487E-002
  4.403949225296138E-002   366.995778045771      -0.405132430417931     
 -1.656669985294571E-002  1.372277720087958E-004
  4.472917334675340E-002   372.743120639228        3.25001169489172     
  0.133936270817361       8.969462320230773E-003
  4.607614704134431E-002   383.967901711048        14.6833751543442     
  0.614160407519968       0.188596503082547     
  4.652390546861947E-002   387.699222032602        5.64530900010889     
  0.237270444385887       2.814863188953812E-002
  4.662157928437261E-002   388.513170517773       -2.01459375440555     
 -8.476153572096197E-002  3.592258968887956E-003
  4.827598212956184E-002   402.299861242631        3.12935268985347     
  0.133979364803302       8.975235096548170E-003
  4.865404928294993E-002   405.450420933789        2.65499672593128     
  0.114114630463126       6.511074442867846E-003
  5.215997470923322E-002   434.666466890875        4.05762379093922     
  0.180575284320893       1.630371665378573E-002
  5.281786283576393E-002   440.148868083795       -10.7265052891547     
 -0.480359635334748       0.115372689629466     
  5.329741035334595E-002   444.145097497932        10.5977417005950     
  0.476742892514389       0.113641892781493     
  5.820693152746595E-002   485.057774982473       -1.01550854181163     
 -4.774069932640131E-002  1.139587186086927E-003
  5.876992062046350E-002   489.749350875972       -11.4886271347581     
 -0.542704633659612       0.147264159697807     
  6.097207662638964E-002   508.100651388949       -5.12943545240914     
 -0.246804404281647       3.045620698640928E-002
  6.248910258522986E-002   520.742534698645        2.56784173482117     
  0.125080105821887       7.822516436207233E-003
  6.295053077014437E-002   524.587769670071        4.08433035578396     
  0.199681763405912       1.993640331844721E-002
  6.411681629499626E-002   534.306815956028        2.96674690058083     
  0.146380866976737       1.071367910843053E-002
  6.513914534406275E-002   542.826224913467       0.797384255899230     
  3.965578282356479E-002  7.862905556748682E-004
  6.575524128177238E-002   547.960357857413      -0.533586170529025     
 -2.666168517360301E-002  3.554227281481614E-004
  6.697390195051127E-002   558.115863686786       -2.71412860904134     
 -0.136867730783813       9.366387864955207E-003
  6.880582953911689E-002   573.381927310820      -0.204128168036721     
 -1.043358115807993E-002  5.442980789112025E-005
  6.918893910183531E-002   576.574507080791        2.42842100465076     
  0.124468701651839       7.746228845447214E-003
  7.165428621491102E-002   597.119066875422        2.61706616850483     
  0.136506594845258       9.317025218123725E-003
  7.351478120351819E-002   612.623192172148       0.568493215959048     
  3.003519555838773E-002  4.510564861152969E-004
  7.577279305071774E-002   631.439958040830       -1.21098446081542     
 -6.495507093566293E-002  2.109580620128501E-003
  7.693100218706769E-002   641.091701087569       -5.96632777206252     
 -0.322459849204625       5.199017717453466E-002
  7.814072579679246E-002   651.172731423277       -6.15118208670832     
 -0.335054261908336       5.613067921146991E-002
  8.040442133210599E-002   670.036861360771      -0.443528438799432     
 -2.450638658308258E-002  3.002814916797450E-004
  8.102217349607777E-002   675.184796190584      -1.659619018257175E-002
 -9.205093213040486E-004  4.236687053038202E-007
  8.336619996345584E-002   694.718350578860        6.29909457206284     
  0.354397765197204       6.279888798838633E-002
  8.589932848381734E-002   715.827755448475       -4.55755271995820     
 -0.260282175785733       3.387340551587757E-002
  8.678158329085357E-002   723.179879026173        2.14036284241856     
  0.122862410166477       7.547585915957849E-003
  8.804558131099917E-002   733.713196126814        2.36449187834080     
  0.136712886281549       9.345206637715826E-003
  8.947154994888211E-002   745.596268409364        3.58249645782131     
  0.208807499706964       2.180028596693696E-002
  8.987473198436305E-002   748.956118789915       -8.82577703252474     
 -0.515572326864610       0.132907412114294     
  9.267273355703338E-002   772.272799151197       0.957112235697545     
  5.677494184699451E-002  1.611697010864804E-003
  9.671768323550664E-002   805.980713990007       -1.22465199866056     
 -7.421359691729713E-002  2.753828983701528E-003
  9.733091692805210E-002   811.090994890316        14.5417861403612     
  0.884017787787715       0.390743724562543     
  9.962890510135930E-002   830.240896818310        1.92111910374983     
  0.118158457397167       6.980710527239014E-003
  0.101410898442224        845.090841700653       -1.24862975344342     
 -7.748075386822195E-002  3.001633609993996E-003
  0.101568714156471        846.405972685936       -3.72607256656409     
 -0.231392420395016       2.677122610813183E-002
  0.104544159700142        871.201352842911        1.55689574980749     
  9.809057134786409E-002  4.810880093675207E-003
  0.106767010804771        889.725112516101       0.580766924417183     
  3.697756077694599E-002  6.836700005063673E-004
  0.109069272753364        908.910629239048        3.94676763240243     
  0.253986486052758       3.225456754871398E-002
  0.110808365925062        923.403072702638      -0.147924022557482     
 -9.594952442453945E-003  4.603155618647647E-005
  0.112073905682544        933.949237614743        4.66392028001914     
  0.304243434453089       4.628203370390564E-002
  0.112341067954367        936.175589936174       -1.15334075145925     
 -7.532597373288008E-002  2.837001159403270E-003
  0.115786950950013        964.891282291982        2.52169326691700     
  0.167201400452269       1.397815415660005E-002
  0.115931696022787        966.097491262233        6.05548325567397     
  0.401760971276988       8.070593902071457E-002
  0.118066973232262        983.891468457372       -3.72346201201525     
 -0.249303849959393       3.107620480228766E-002
  0.118144046681860        984.533747220249       -2.43123086910292     
 -0.162835827480053       1.325775335555687E-002
  0.120947611349524        1007.89678670765       -1.67640776934801     
 -0.113604662488770       6.453009669593662E-003
  0.124356827467393        1036.30692174093       0.634347033139016     
  4.358926770779710E-002  9.500121296510014E-004
  0.124945554306928        1041.21297886099        2.79951037862995     
  0.192823663094192       1.859048252453118E-002
  0.126779936726739        1056.49949941225      -0.926706134771450     
 -6.429617633654743E-002  2.066999145750201E-003
  0.129224551749712        1076.87129178499       -2.82807586223766     
 -0.198098604096487       1.962152847248828E-002
  0.132136537187686        1101.13783771446       0.445526729105135     
  3.155753467455404E-002  4.979389973678403E-004
  0.133988722546327        1116.57271609306        4.21711489424677     
  0.300792774554908       4.523814661221979E-002
  0.135282174797445        1127.35148512467        10.4085055228515     
  0.745978839100507       0.278242214192870     
  0.136144094705852        1134.53415120951        5.75800002952035     
  0.413989103185250       8.569348877806393E-002
  0.136273045293699        1135.60873946871       -12.9704373811958     
 -0.932990979735773       0.435236084134159     
  0.138633938023464        1155.28284604710      -0.205226889764257     
 -1.488973218621477E-002  1.108520622886001E-004
  0.138660452847950        1155.50380292340        5.43379141528501     
  0.394273069027950       7.772562648035920E-002
  0.142004972847628        1183.37480362480       -3.69374526411102     
 -0.271229273680727       3.678265945068723E-002
  0.142476720668685        1187.30603556625       0.714619772434021     
  5.256114611397314E-002  1.381337040407217E-003
  0.143025328906300        1191.87777099520      -0.271403629892557     
 -2.000045945234628E-002  2.000091891524738E-004
  0.143315283928467        1194.29406290763       -9.43117185574328     
 -0.695712418972671       0.242007884956402     
  0.145911721111693        1215.93103998111        2.90141331589475     
  0.215959609258804       2.331927641560771E-002
  0.147043830951043        1225.36528888069       -3.30219977033737     
 -0.246742857720716       3.044101891809279E-002
  0.147664337230112        1230.53617467022        7.54517255780948     
  0.564969274680879       0.159595140666719     
  0.149051636068727        1242.09699861740        2.01043697161854     
  0.151243486057823       1.143729603746138E-002
  0.150346832196129        1252.89029995174        3.31679029797658     
  0.250601114657178       3.140045933371000E-002
  0.151331484030490        1261.09573211204       -4.22136473177641     
 -0.319989233375154       5.119655473800942E-002
  0.151578660747915        1263.15553814262        7.69829624355991     
  0.584025076911130       0.170542645230526     
  0.154518413046769        1287.65347458527       -2.15163758982147     
 -0.164807543262588       1.358076315812494E-002
  0.156545548696266        1304.54627209116       -15.9276924841386     
  -1.22797935877167       0.753966652784638     
  0.158049108551072        1317.07593786440        1.05429849123109     
  8.167280160074840E-002  3.335223260657604E-003
  0.158435589181283        1320.29660986419        3.87275724691444     
  0.300375488364562       4.511271700512460E-002
  0.160801447590989        1340.01209710979        3.76175654570268     
  0.293936491082289       4.319933039488432E-002
  0.162464157657444        1353.86801468028       -2.60205813286636     
 -0.204368341034036       2.088320940850202E-002
  0.164295015038561        1369.12515990835      -0.500941969480102     
 -3.956557258588278E-002  7.827172670243795E-004
  0.167858458362735        1398.82052169330       0.517581275062693     
  4.132073273794358E-002  8.537014770002812E-004
  0.168582440117381        1404.85370313443       -4.44912047416698     
 -0.355957523554281       6.335287928744840E-002
  0.168974879654763        1408.12403269523        1.80755975476725     
  0.144784336133189       1.048125199476410E-002
  0.170379812396759        1419.83180584096       -1.65935539626358     
 -0.133464671812179       8.906409310966331E-003
  0.171228392710001        1426.90330862995       0.530922349523999     
  4.280916339757557E-002  9.163122354001618E-004
  0.175038750891457        1458.65629427757       -2.85574636408825     
 -0.232811580017743       2.710061589517897E-002
  0.175785900456234        1464.88254080799        4.57838437698060     
  0.374043500701215       6.995427020840991E-002
  0.176608598134396        1471.73835496587        2.63241884723088     
  0.215565252017194       2.323418893861810E-002
  0.176979798465515        1474.83169113668        3.18771114681494     
  0.261311577789413       3.414187034339612E-002
  0.179483217690105        1495.69351853527       -18.3199369855450     
  -1.51235498401144        1.14360879883213     
  0.180447382654280        1503.72822677304        2.08877623535264     
  0.172896043172504       1.494652087235423E-002
  0.180757388448880        1506.31160845997        1.36291420463815     
  0.112910515431211       6.374392247470832E-003
  0.182237641461664        1518.64705054479       0.324960918811463     
  2.703136769428601E-002  3.653474197118447E-004
  0.182357846008065        1519.64875512343       0.867877611513036     
  7.221685229279415E-002  2.607636877539624E-003
  0.182639577553010        1521.99651805729       0.946732697210419     
  7.883928310759498E-002  3.107816280459756E-003
  0.184159960677436        1534.66637774757        9.57269650361419     
  0.800478625624261       0.320383015040653     
  0.185483547982147        1545.69627223213      -9.477634389129619E-002
 -7.953723542239562E-003  3.163085909318793E-005
  0.186010473941377        1550.08732200331       1.550093380150175E-002
  1.302699973256209E-003  8.485136101608643E-007
  0.186402555372207        1553.35466734277        4.06340307595028     
  0.341848500243602       5.843019855939986E-002
  0.187307309472681        1560.89428503718        4.44124811550925     
  0.374541755763479       7.014076340519459E-002
  0.187420925553403        1561.84108573378       -6.74275174938507     
 -0.568805847612532       0.161770046139106     
  0.187635051457389        1563.62546831207      -0.914952670192728     
 -7.722776338072250E-002  2.982063718394432E-003
  0.187942050638377        1566.18379488494      -0.345026833353662     
 -2.914625067851467E-002  4.247519643074085E-004
  0.188142204710758        1567.85174553025        1.85848550406967     
  0.157079726157277       1.233702018482264E-002
  0.188718822545022        1572.65689427050       -4.91151324100890     
 -0.415758149993380       8.642741964295882E-002
  0.188985369026865        1574.87811500865        10.9262716815167     
  0.925558619311981       0.428329378891351     
  0.189759087155759        1581.32576624564        7.74763337894709     
  0.657639962352151       0.216245160041269     
  0.191443204297754        1595.36007611680       -1.73677400763025     
 -0.148074791997739       1.096307201258682E-002
  0.192100444297099        1600.83707624971       -4.01917323751741     
 -0.343256487079443       5.891250796105996E-002
  0.192662829796309        1605.52362219485       -3.69509853500089     
 -0.316040568531201       4.994082047876237E-002
  0.192871296025999        1607.26084081948       -5.00050789050265     
 -0.427923127841723       9.155910167092172E-002
  0.194774366062317        1623.11975818943        4.50779349032435     
  0.387657110959980       7.513901783891896E-002
  0.197683228729273        1647.36028102643       -2.28350559459883     
 -0.197835778288008       1.956949758541094E-002
  0.200002650587103        1666.68879699662       -1.96369612070699     
 -0.171123636540387       1.464164949140316E-002
  0.205237269327207        1710.31062093280       -1.62442626052750     
 -0.143398945786700       1.028162882636846E-002
  0.206672383689774        1722.26990758964       0.199793731990288     
  1.769868201374443E-002  1.566216725118203E-004
  0.209665440340376        1747.21204697476       0.140013458006003     
  1.249254866976699E-002  7.803188613324846E-005
  0.213481463565920        1779.01224132430        7.15789482765233     
  0.644441116954468       0.207652176610761     
  0.215579412095307        1796.49514617751      -0.971835409549703     
 -8.792536978335551E-002  3.865435325769903E-003
  0.223800172035386        1865.00148074212       -2.93414838046647     
 -0.270476864633770       3.657886715105747E-002
  0.224409296007825        1870.07751397401      -6.459789403643335E-002
 -5.962887619314150E-003  1.777801438028499E-005
  0.230004284120115        1916.70241608760       -1.74633730103942     
 -0.163197663304590       1.331673865403923E-002
  0.381071059973625        3175.59224666908       -1.25092300150964     
 -0.150470514258993       1.132068783068285E-002
  0.381230099413115        3176.91757536498      -0.266234019559796     
 -3.203133085239161E-002  5.130030780876871E-004
  0.381830415239874        3181.92020738102      -7.763388889417833E-002
 -9.347693083790534E-003  4.368968299437268E-005
  0.383526936257790        3196.05788288746       -2.22003051257463     
 -0.267901238980818       3.588553692372866E-002
  0.385857080415816        3215.47575136155        2.15961615753977     
  0.261401242780388       3.416530486356557E-002
  0.389095745273598        3242.46462585820        5.72081491804023     
  0.695350836551194       0.241756392946222     
  0.389917679373202        3249.31407686126        1.86872381897729     
  0.227378516029188       2.585049477581788E-002
  0.390698139946572        3255.81791513698        15.6653703549135     
   1.90800356396690        1.82023880005520     
  0.391453827295982        3262.11530987448        1.87127004733088     
  0.228136398309984       2.602310811692574E-002
  0.392693457454691        3272.44556145802       -1.39192520115211     
 -0.169965420776581       1.444412212988007E-002
  0.394630464014336        3288.58728319617        3.38080540856133     
  0.413840815842116       8.563211042843401E-002
  0.395072721863312        3292.27276536407       -2.16010579974386     
 -0.264564389917618       3.499715820624084E-002
  0.396618110348451        3305.15100306556        19.4925850277299     
   2.39206816270932        2.86099504752376     
  0.397017305122631        3308.47762626777       -3.41343794961756     
 -0.419097021283723       8.782115662444477E-002
  0.398577722282467        3321.48110292823       -1.83408013233352     
 -0.225627826555000       2.545395805796652E-002
  0.402977078769366        3358.14240791186       -2.24921638978368     
 -0.278220581929831       3.870334610468703E-002
  0.404730528567282        3372.75448993029        1.22127327633466     
  0.151395748392839       1.146033631571396E-002
  0.411062538470826        3425.52124045949       -1.83595167644598     
 -0.229368111590218       2.630486530723130E-002
  0.420665919313088        3505.54941616669       -5.29200952781803     
 -0.668816724759527       0.223657905659031     
  0.421680904660492        3514.00762760873       -2.93116542754399     
 -0.370894283819849       6.878128488511938E-002
  0.440636385001452        3671.96996777386       -3.87800539053412     
 -0.501610281040507       0.125806437022768     
  0.450315043572046        3752.62545789968        10.1620199539153     
   1.32878927497413       0.882840468643138     
  0.453606739162008        3780.05625517565      -0.656787624267038     
 -8.619509505846852E-002  3.714797206069213E-003
  0.458695753361744        3822.46470791144      -0.639593747814299     
 -8.440815596186481E-002  3.562368396441247E-003
  0.492027700174334        4100.23093836666        3.58698595936179     
  0.490277876493888       0.120186198089678     
  0.495638094448985        4130.31755808214       -1.70951140229400     
 -0.234515841288863       2.749883990771166E-002
