  0.000000000000000E+000  0.000000000000000E+000  0.000000000000000E+000
  0.000000000000000E+000  0.000000000000000E+000
  0.000000000000000E+000  0.000000000000000E+000  0.000000000000000E+000
  0.000000000000000E+000  0.000000000000000E+000
  0.000000000000000E+000  0.000000000000000E+000  0.000000000000000E+000
  0.000000000000000E+000  0.000000000000000E+000
  0.000000000000000E+000  0.000000000000000E+000  0.000000000000000E+000
  0.000000000000000E+000  0.000000000000000E+000
  0.000000000000000E+000  0.000000000000000E+000  0.000000000000000E+000
  0.000000000000000E+000  0.000000000000000E+000
  0.000000000000000E+000  0.000000000000000E+000  0.000000000000000E+000
  0.000000000000000E+000  0.000000000000000E+000
  4.226744343028983E-004   3.52228704150461        156.968591763170     
  0.628830495762765       0.197713896200622     
  6.735462694714257E-004   5.61288572072197        19.8825047759142     
  0.100547819304558       5.054931983451037E-003
  1.453256783535954E-003   12.1104735020692       -8.89839549075403     
 -6.609988844896324E-002  2.184597626482692E-003
  2.278929602315030E-003   18.9910804990470        186.904008096311     
   1.73860895683840        1.51138055239935     
  2.953595897454377E-003   24.6132997672374        63.7682015652491     
  0.675301244311439       0.228015885284289     
  3.516639896044059E-003   29.3053332073488       -103.432184947739     
  -1.19519148785110       0.714241346315864     
  4.552967493609068E-003   37.9413967385559       -2.01254682396342     
 -2.646129602375816E-002  3.501000936284799E-004
  4.831817821717902E-003   40.2651495314991       -15.6176330333851     
 -0.211537970154650       2.237415640857471E-002
  5.855695678718001E-003   48.7974652220443        93.8928143859062     
   1.40003679317554       0.980051511122620     
  6.765556592817418E-003   56.3796396977480       -31.1299225381337     
 -0.498939225575427       0.124470175408903     
  7.316547167216775E-003   60.9712279337359        44.9328351295299     
  0.748918835796072       0.280439711305072     
  7.794627462201870E-003   64.9552304925894       -18.8156783717278     
 -0.323694563511111       5.238908522332444E-002
  8.685083984381134E-003   72.3757016982068       -23.0606936512602     
 -0.418771599415038       8.768482623831456E-002
  9.164462413340400E-003   76.3705220404517       -19.2453307522868     
 -0.359001877226784       6.444117392617761E-002
  1.097003879767943E-002   91.4169922900494       -21.5892338899360     
 -0.440614876458714       9.707073467836368E-002
  1.173068139919734E-002   97.7556807961607        25.9485139595368     
  0.547635955310940       0.149952569774663     
  1.401439475905935E-002   116.786625942440       -26.9769059291949     
 -0.622296206893368       0.193626284556937     
  1.475600518799653E-002   122.966713006372       -10.0540645269451     
 -0.237981890854966       2.831769018745242E-002
  1.743946651371826E-002   145.328891285635        4.47890014969661     
  0.115253950745086       6.641736581175408E-003
  1.924303536533883E-002   160.358632095490       -4.68208979448034     
 -0.126559389291510       8.008639508920007E-003
  1.993248749497890E-002   166.104066654299       -1.51203431640149     
 -4.159683054449721E-002  8.651481556738079E-004
  2.139102775285303E-002   178.258569110299        10.3774643348085     
  0.295750112207094       4.373406443525422E-002
  2.162009336605720E-002   180.167449268556        13.7593070523613     
  0.394224116036823       7.770632683250721E-002
  2.290435192581288E-002   190.869604203546        3.45896268645953     
  0.102005296863528       5.202540294108248E-003
  2.512671986603118E-002   209.389337506546       -18.6966110600108     
 -0.577495541426497       0.166750550183742     
  2.599770142385855E-002   216.647517338465       -9.13975067737924     
 -0.287157172020326       4.122962072135564E-002
  2.681313982224292E-002   223.442837496665        12.5898694130057     
  0.401710242260208       8.068555936837753E-002
  2.833012799434588E-002   236.084405916876        1.12125699526040     
  3.677454235929561E-002  6.761834828678137E-004
  2.929603745089629E-002   244.133651591471       -1.16496982735054     
 -3.885410964332640E-002  7.548209180878147E-004
  2.988383562623523E-002   249.031969843037        7.10984552663809     
  0.239494849213750       2.867889139995831E-002
  3.174698174416059E-002   264.558187884640        2.16990859662925     
  7.533737857819947E-002  2.837860305517474E-003
  3.550569802967399E-002   295.880824388528       -1.47145660808476     
 -5.402743260433808E-002  1.459481736908147E-003
  3.669720499089255E-002   305.810049316183       -11.6481032338907     
 -0.434800012561253       9.452552546163286E-002
  3.806101990192814E-002   317.175173861920       -4.00448816628806     
 -0.152231689906786       1.158724370593795E-002
  3.886559106829238E-002   323.879933750999       -5.16870796716059     
 -0.198555753756445       1.971219367489493E-002
  3.978872114286433E-002   331.572684566767       -11.9859562738381     
 -0.465876197761992       0.108520315820585     
  4.140167637644599E-002   345.013978519503       -9.73845374765752     
 -0.386115123083197       7.454244413677623E-002
  4.248101249690164E-002   354.008446417186       -8.65369145893080     
 -0.347549509004662       6.039533060469072E-002
  4.299414459851500E-002   358.284547371987        3.25579870413877     
  0.131546726527056       8.652270629992014E-003
  4.328568912547570E-002   360.714085158035      -1.218515395250197E-003
 -4.939932692876821E-005  1.220146750507662E-009
  4.449456294026962E-002   370.788033869140       0.594957950836681     
  2.445443246698101E-002  2.990096336410675E-004
  4.621212799714138E-002   385.101076371316       -7.57643433394782     
 -0.317366213482530       5.036065673011939E-002
  4.642677605352315E-002   386.889810219685        1.63944091412566     
  6.883318660840516E-002  2.369003789333765E-003
  4.834283821796788E-002   402.856995326756       -3.77950967058213     
 -0.161927039613438       1.311018307898592E-002
  4.875017029364240E-002   406.251429376461        5.73288547455818     
  0.246648896940046       3.041783918087076E-002
  5.115959894969298E-002   426.330002017443        11.5815801488789     
  0.510445319182094       0.130277211937455     
  5.235713419505025E-002   436.309462647523        10.7726698772545     
  0.480318293842621       0.115352831699943     
  5.298006452736032E-002   441.500548881245       -1.49531528590024     
 -6.706668762594965E-002  2.248970294558354E-003
  5.828062043212304E-002   485.671849203462        1.11780062278403     
  5.258286843184152E-002  1.382479026260177E-003
  5.862039751885849E-002   488.503324997786        12.8188938952367     
  0.604773531228403       0.182875512037236     
  6.068540758059315E-002   505.711742613629        4.30287977601943     
  0.206547142704069       2.133086107960742E-002
  6.258527115338207E-002   521.543939453492       -2.65031055262104     
 -0.129196478973689       8.345865089599461E-003
  6.309702086579266E-002   525.808520497979       -5.36308215176656     
 -0.262504480086321       3.445430103269482E-002
  6.430047823896286E-002   535.837332194413       -3.90132737240379     
 -0.192769064319997       1.857995607940360E-002
  6.513286871756470E-002   542.773919691328      -0.690806201281127     
 -3.435375182012847E-002  5.900901320594900E-004
  6.575338079804083E-002   547.944853825925       0.471427833667095     
  2.355548805662679E-002  2.774305087929437E-004
  6.706167748618493E-002   558.847326502545        1.89686882802535     
  9.571772085368417E-002  4.580941042711903E-003
  6.902202688293914E-002   575.183571888185       -7.23509600721714     
 -0.370387222145962       6.859334716450097E-002
  6.976567054729113E-002   581.380602581002        1.99956184942202     
  0.102913789814259       5.295624066966726E-003
  7.157447252322012E-002   596.453952761195       -3.16226776950264     
 -0.164852509522598       1.358817494794912E-002
  7.289574069938413E-002   607.464521174046        7.16444123250686     
  0.376921789445483       7.103501767939258E-002
  7.377428172946048E-002   614.785696609630       -3.71100034736006     
 -0.196408976697803       1.928824306373910E-002
  7.557573385620137E-002   629.797798045042       -6.55212846945292     
 -0.350987325270868       6.159605125039908E-002
  7.691211379111970E-002   640.934297784026        2.14572178782136     
  0.115954772391924       6.722754620231463E-003
  7.801282047127371E-002   650.106853683695       -6.07327301936758     
 -0.330539706988690       5.462824894808439E-002
  7.969928204623868E-002   664.160700496766        2.53206389176960     
  0.139289926001000       9.700841742682044E-003
  8.073724532450335E-002   672.810394700815      -0.479308893660903     
 -2.653812860072707E-002  3.521361348143642E-004
  8.296891439635115E-002   691.407637436019        2.42417012375937     
  0.136062561085724       9.256510264603165E-003
  8.350174081268905E-002   695.847857684337        3.59665651322500     
  0.202518439248113       2.050685911774587E-002
  8.759930692231099E-002   729.994242793797       -2.13994254098364     
 -0.123415665786676       7.615713280784260E-003
  8.839341219374276E-002   736.611786889569      -0.785189986598875     
 -4.548859729889103E-002  1.034606242110338E-003
  8.908787759657222E-002   742.398998726011        4.62248734045889     
  0.268845566963878       3.613896943806440E-002
  9.294914649960588E-002   774.576240397491       0.796962793676315     
  4.734548752272005E-002  1.120797594382020E-003
  9.528881942291405E-002   794.073515250935        2.22721809355630     
  0.133968150652295       8.973732694597966E-003
  9.647420961033679E-002   803.951767062336       -13.7894091956433     
 -0.834582198263726       0.348263722829356     
  9.959589466600495E-002   829.965809850074       -2.45752211432324     
 -0.151124889455158       1.141936610641690E-002
  0.101249042015328        843.742038109115       -4.84872676567470     
 -0.300636021791086       4.519100879918510E-002
  0.101812800789162        848.440028009747        1.39989617470423     
  8.703919428959567E-002  3.787910671290991E-003
  0.104622939026621        871.857847246826        2.20166650642642     
  0.138765925508901       9.627991041170939E-003
  0.106436829101293        886.973598250944      -0.133482911028546     
 -8.485735217046479E-003  3.600385108691144E-005
  0.109453544450014        912.112893458690       -10.4261225600447     
 -0.672133565066301       0.225881764644368     
  0.110511764261424        920.931392109887      -0.480729835166644     
 -3.114032747783043E-002  4.848599977132605E-004
  0.110971158307394        924.759675923008       -4.00390266432722     
 -0.259900080342095       3.377402588091376E-002
  0.112743920989240        939.532698644927       0.416953332193737     
  2.728047069058197E-002  3.721120405498509E-004
  0.115731635870484        964.430323284260      -0.313057534209866     
 -2.075238659137160E-002  2.153307746188698E-004
  0.116007743788944        966.731222662887        5.66060584170430     
  0.375685340059515       7.056973736781678E-002
  0.117321873303357        977.682302226308        4.13735387852913     
  0.276140436007157       3.812677019911136E-002
  0.118651335245109        988.761152020781      -0.821772676219791     
 -5.515766272772222E-002  1.521183878792579E-003
  0.121192438672505        1009.93701445070        1.59741329641174     
  0.108360974081392       5.871050351934012E-003
  0.124406205902374        1036.71840870950        7.32242773458426     
  0.503261792317362       0.126636215803242     
  0.125204092475314        1043.36746365196       -2.79037685631193     
 -0.192393310027591       1.850759287168640E-002
  0.128023833591181        1066.86530687779       0.860012128550697     
  5.996085720276326E-002  1.797652198245084E-003
  0.129821603364616        1081.84672203488        2.62746329999974     
  0.184470950663980       1.701476581943628E-002
  0.132034225403108        1100.28523948811      -1.249773409695987E-002
 -8.848963104282361E-004  3.915207401047526E-007
  0.134450712144181        1120.42262950576       -4.17964861667597     
 -0.298633943073845       4.459111597791612E-002
  0.136138027573536        1134.48359177227        1.93728982373582     
  0.139284300428477       9.700058172925130E-003
  0.136210245980347        1135.08541184423       -14.6025760357665     
  -1.05015210662837       0.551409723528001     
  0.136589618568485        1138.24685015858        8.64638334313468     
  0.622674635914683       0.193861851105742     
  0.138605700604159        1155.04753421362       -3.52855288225113     
 -0.255979401771616       3.276272706567720E-002
  0.138930398578882        1157.75335073799      -0.235406121319443     
 -1.709756390107565E-002  1.461633456756826E-004
  0.141978903831802        1183.15756182076        2.89159067371306     
  0.212308101970799       2.253736508122159E-002
  0.142462489860586        1187.18744549576       -1.57431821489602     
 -0.115787220435669       6.703340208109080E-003
  0.143655456680204        1197.12883591038        9.11761994216083     
  0.673380276640378       0.226720498484136     
  0.144096162068497        1200.80138090560      -0.386855513927147     
 -2.861494010475402E-002  4.094073985993299E-004
  0.146097277166798        1217.47734047938        4.66568208690438     
  0.347499390552501       6.037791321717989E-002
  0.148138001186921        1234.48337441001       -3.83689726972844     
 -0.287760549850655       4.140306702517577E-002
  0.148957749738521        1241.31461251258        1.97013711917857     
  0.148165075978229       1.097644486981718E-002
  0.149506338553053        1245.88618608251       0.388833063594703     
  2.929616904693929E-002  4.291327604134219E-004
  0.150489622478570        1254.08021900214       -4.51310488460137     
 -0.341150919379545       5.819197489675444E-002
  0.151208492869843        1260.07080574742       -9.44320318853556     
 -0.715525753726955       0.255988552123264     
  0.154566339256941        1288.05285968013        2.80724006371277     
  0.215057630744307       2.312489227067745E-002
  0.156180882641719        1301.50738822650       -18.0140256961300     
  -1.38721110680180       0.962177327417132     
  0.157470303565168        1312.25256286002       -1.11146046882809     
 -8.594313589341199E-002  3.693111303596739E-003
  0.157922969496087        1316.02477904631        1.19681113565631     
  9.267575125651505E-002  4.294397435479725E-003
  0.159852037226567        1332.10034387308       -5.03720301264426     
 -0.392433781420596       7.700213640003409E-002
  0.160953596565043        1341.28000525894      -0.395834308667939     
 -3.094436816297765E-002  4.787769605029524E-004
  0.162069661974767        1350.58055057493        1.67577523762897     
  0.131457229415909       8.640501582853457E-003
  0.164194388360895        1368.28660423995      -0.476796459143381     
 -3.764696928145680E-002  7.086471480394758E-004
  0.167968510616519        1399.73762383134       0.936528074014241     
  7.479155784253345E-002  2.796888562256513E-003
  0.168724858310590        1406.04052144116        1.42132959561853     
  0.113763299182221       6.471044120411791E-003
  0.169391435119610        1411.59532832331       -1.60196093797270     
 -0.128474071847171       8.252793568496078E-003
  0.170750805982188        1422.92341913097       -2.06905164133230     
 -0.166598295792161       1.387749608042623E-002
  0.172147872296099        1434.56563870767       9.147138261221066E-002
  7.395267984301307E-003  2.734499427981596E-005
  0.173925047404066        1449.37543164818      -0.657758689376836     
 -5.345218985427937E-002  1.428568300108963E-003
  0.175716967257492        1464.30809747064       -7.03483212687352     
 -0.574616947596520       0.165092318232571     
  0.176383766169823        1469.86475521376       -1.69656344650259     
 -0.138840846984102       9.638390395631411E-003
  0.177283829835734        1477.36528595250       -3.16531185546068     
 -0.259698182342663       3.372157295604154E-002
  0.180394292046945        1503.28580503407        8.01281933030285     
  0.663154299088218       0.219886812199593     
  0.180978710976823        1508.15596290608        18.0761932645445     
   1.49843726243614        1.12265711472856     
  0.182005431067568        1516.71196387843       0.793594599061585     
  6.597185872623314E-002  2.176143071897031E-003
  0.182422217182750        1520.18518159269        1.91761204982747     
  0.159594330050648       1.273517509215765E-002
  0.182633430547065        1521.94529300645       -1.88557819457712     
 -0.157019116244898       1.232750143316446E-002
  0.182961257809062        1524.67718692543      -0.276387678590787     
 -2.303647844681601E-002  2.653396696153094E-004
  0.183938944155676        1532.82457335304        9.69371701532292     
  0.810111924809869       0.328140665359575     
  0.185250966168852        1543.75809040571       -1.22922478101386     
 -0.103093050586512       5.314088539616593E-003
  0.185734673196449        1547.78898240418      -0.392315793806543     
 -3.294580535411676E-002  5.427130452156743E-004
  0.186632937745024        1555.27452049807        4.71224778840174     
  0.396679820838689       7.867744013030732E-002
  0.186909077113462        1557.57568195985       -9.64327113854065     
 -0.812376622754386       0.329977888598911     
  0.187621721358616        1563.51438415283      -0.353136472470172     
 -2.980588184752035E-002  4.441952963541715E-004
  0.187922983492741        1566.02490200063       -4.09162454086674     
 -0.345623741397834       5.972788530891841E-002
  0.188203408965420        1568.36178099865        3.05453438212155     
  0.258212108338503       3.333674644630751E-002
  0.188704205231016        1572.53508331737       -7.63575870907347     
 -0.646339694156066       0.208877500120878     
  0.189048795654940        1575.40667025595        9.92985865391320     
  0.841294146287405       0.353887920288727     
  0.189498048733178        1579.15044600251       0.454679744880046     
  3.856788485130321E-002  7.437408709516918E-004
  0.190145256213766        1584.54384181033        3.64181901323086     
  0.309441779188170       4.787710735357017E-002
  0.191916961896775        1599.30805620838       -3.71412443413970     
 -0.317052347276518       5.026109545677482E-002
  0.192154006367333        1601.28342684626       -2.76070108097624     
 -0.235809854453293       2.780314372864172E-002
  0.193342101275668        1611.18421799917        2.92867665998505     
  0.250929942026933       3.148291790282003E-002
  0.194509418601552        1620.91186262728        7.81216471058852     
  0.671366322629973       0.225366369580847     
  0.196450654760477        1637.08883102698        2.01892945205874     
  0.174367574675784       1.520202554915763E-002
  0.198277430961679        1652.31196642157        2.56158190319929     
  0.222260727244905       2.469991543771698E-002
  0.200614188396165        1671.78494553422        1.53300172593036     
  0.133795439162270       8.950609770312408E-003
  0.205564923526841        1713.04107266540       0.616652280181853     
  5.447944695807386E-002  1.484005070428792E-003
  0.207386461151389        1728.22055325343      -0.384058131052234     
 -3.408042544005151E-002  5.807376990874554E-004
  0.207843740241845        1732.03121243683       0.375361742924696     
  3.334543018602454E-002  5.559588571455184E-004
  0.213704872439136        1780.87398198146        7.64839422748499     
  0.688962081301825       0.237334374735871     
  0.214937589116872        1791.14662122210       -1.03488739333552     
 -9.349042330268899E-002  4.370229624657986E-003
  0.223816233450808        1865.13532587401       -2.39389668838951     
 -0.220683080886851       2.435051109485621E-002
  0.224273819755228        1868.94854517384        2.05826045030354     
  0.189936076279187       1.803785653616655E-002
  0.228421872827876        1903.51565498581       -1.33623752164707     
 -0.124442964849847       7.743025750310163E-003
  0.380752594341114        3172.93836633111       -1.43613100414958     
 -0.172676539533998       1.490859365271826E-002
  0.381164505202297        3176.37095692769      -0.169139181406997     
 -2.034783902172051E-002  2.070172764269259E-004
  0.381761869734013        3181.34899481775      -0.342315629144342     
 -4.121362790192798E-002  8.492815624192882E-004
  0.383311185055342        3194.25995615498       -1.36696184187285     
 -0.164911134992973       1.359784122233524E-002
  0.387317615158776        3227.64687452701       -3.00749188439328     
 -0.364716936804141       6.650922199589791E-002
  0.388949484111646        3241.24578281114        6.07100437325155     
  0.737776790259232       0.272157296122607     
  0.389803813039057        3248.36519071942       -1.71028797217308     
 -0.208070315660496       2.164662812952917E-002
  0.390537831148713        3254.48200845441       -15.9389552573163     
  -1.94092721482302        1.88359922662033     
  0.391549476826590        3262.91238931635        5.00906583825459     
  0.610756231908642       0.186511587407621     
  0.392244921238185        3268.70775955938        1.20049344627402     
  0.146506300208194       1.073204800034666E-002
  0.394673198533824        3288.94340420090        3.62891114254245     
  0.444235227594450       9.867246871794663E-002
  0.394869381038573        3290.57825844844      -0.464139456418353     
 -5.683201596853688E-002  1.614939019524016E-003
  0.396478628620652        3303.98865530454       -15.1749782057556     
  -1.86189767785399        1.73333148139904     
  0.396626711466775        3305.22267905341       -6.38939887292252     
 -0.784095250800737       0.307402681164135     
  0.398165916430316        3318.04938740695        1.74253310525173     
  0.214254978075913       2.295259781515504E-002
  0.402650524714937        3355.42112405621       -2.29125085336900     
 -0.283305246612878       4.013093137919182E-002
  0.404344544015509        3369.53795191759        1.49305248441061     
  0.184998714738709       1.711226222748711E-002
  0.411170780352486        3426.42325616278       -1.80151930001444     
 -0.225096055293133       2.533411705426468E-002
  0.419213889154548        3493.44916453985        3.15459743142718     
  0.397996836323370       7.920074086170585E-002
  0.419544222034217        3496.20193860663        5.35723029715756     
  0.676156195044337       0.228593600048418     
  0.441438893557034        3678.65753923932        4.36483206392719     
  0.565093978092755       0.159665602038348     
  0.449728037389901        3747.73373959156       -9.30729438418202     
  -1.21623157875348       0.739609626578595     
  0.457007414927624        3808.39522060502      -0.417293417989664     
 -5.496940054150753E-002  1.510817497946344E-003
  0.459345780340891        3827.88159954118      -0.759663052160132     
 -0.100324894725131       5.032542250804265E-003
  0.491824317543697        4098.53608306854       -3.59821331391615     
 -0.491710801008104       0.120889755914016     
  0.495614467941638        4130.12067051594        1.56820022140991     
  0.215125227066624       2.313943166023328E-002
