  0.000000000000000E+000
  0.000000000000000E+000
  0.000000000000000E+000
  0.000000000000000E+000
  0.000000000000000E+000
  0.000000000000000E+000
   1.00000000000060     
   1.00000000000513     
   1.00000000000638     
  0.999999999999803     
  0.999999999994639     
  0.999999999997425     
   1.00000000000346     
   1.00000000001103     
   1.00000000000045     
   1.00000000000139     
   1.00000000000372     
  0.999999999987826     
   1.00000000001246     
   1.00000000000562     
  0.999999999996129     
   1.00000000000649     
   1.00000000000036     
   1.00000000000427     
   1.00000000000325     
  0.999999999996366     
   1.00000000000943     
  0.999999999994381     
  0.999999999998128     
   1.00000000000425     
  0.999999999998558     
  0.999999999994511     
  0.999999999999338     
   1.00000000000737     
  0.999999999992289     
  0.999999999995798     
  0.999999999995286     
   1.00000000000025     
  0.999999999989273     
   1.00000000000177     
   1.00000000000485     
  0.999999999989239     
  0.999999999995799     
  0.999999999994135     
  0.999999999997862     
   1.00000000000810     
   1.00000000000757     
   1.00000000000335     
   1.00000000000577     
  0.999999999990566     
  0.999999999999335     
   1.00000000000220     
   1.00000000000597     
  0.999999999998779     
  0.999999999998415     
  0.999999999995885     
   1.00000000000315     
  0.999999999997218     
   1.00000000000841     
   1.00000000000600     
   1.00000000000048     
  0.999999999995244     
   1.00000000000938     
   1.00000000000538     
   1.00000000000009     
   1.00000000000012     
   1.00000000000717     
  0.999999999995649     
  0.999999999998610     
  0.999999999996463     
  0.999999999994587     
  0.999999999994148     
   1.00000000000555     
  0.999999999997049     
  0.999999999999752     
  0.999999999996354     
   1.00000000000485     
  0.999999999995617     
   1.00000000000401     
   1.00000000000361     
  0.999999999996420     
  0.999999999998128     
   1.00000000000531     
  0.999999999996439     
  0.999999999998349     
   1.00000000000295     
  0.999999999996206     
   1.00000000001068     
   1.00000000000231     
   1.00000000000109     
   1.00000000000703     
  0.999999999995639     
   1.00000000000229     
   1.00000000000138     
   1.00000000000224     
   1.00000000000311     
  0.999999999986234     
   1.00000000000470     
   1.00000000000708     
   1.00000000000336     
   1.00000000001414     
   1.00000000000931     
   1.00000000000880     
   1.00000000000193     
   1.00000000000673     
  0.999999999997332     
   1.00000000000207     
   1.00000000000397     
  0.999999999995389     
   1.00000000000133     
   1.00000000000238     
  0.999999999995233     
  0.999999999990586     
  0.999999999996442     
   1.00000000000723     
   1.00000000000301     
  0.999999999989263     
  0.999999999988169     
  0.999999999996822     
   1.00000000000034     
  0.999999999989464     
   1.00000000000720     
  0.999999999993845     
   1.00000000000370     
  0.999999999989539     
  0.999999999993870     
   1.00000000000794     
   1.00000000000208     
   1.00000000000156     
  0.999999999997318     
  0.999999999999027     
  0.999999999994245     
   1.00000000000581     
  0.999999999999083     
  0.999999999993148     
   1.00000000000881     
   1.00000000000893     
  0.999999999992036     
   1.00000000001014     
   1.00000000000804     
   1.00000000000174     
   1.00000000000197     
  0.999999999998234     
  0.999999999999678     
   1.00000000000075     
   1.00000000000385     
  0.999999999988404     
   1.00000000000667     
  0.999999999995417     
  0.999999999998981     
   1.00000000000756     
  0.999999999996883     
  0.999999999990186     
   1.00000000000145     
   1.00000000000052     
   1.00000000000229     
  0.999999999999518     
  0.999999999988655     
   1.00000000000428     
   1.00000000001103     
  0.999999999998140     
   1.00000000000059     
  0.999999999995689     
  0.999999999993293     
  0.999999999994334     
   1.00000000000493     
  0.999999999997145     
   1.00000000000060     
   1.00000000000133     
   1.00000000000677     
   1.00000000000635     
  0.999999999998982     
  0.999999999994751     
  0.999999999999587     
   1.00000000000722     
  0.999999999995707     
  0.999999999997681     
  0.999999999999117     
  0.999999999998523     
   1.00000000000901     
  0.999999999998449     
  0.999999999997116     
   1.00000000000227     
   1.00000000000243     
   1.00000000000521     
  0.999999999989863     
   1.00000000000619     
  0.999999999996492     
   1.00000000001132     
   1.00000000000798     
  0.999999999995710     
   1.00000000000714     
