   0.0000000000000000
   0.0000000000000000
   0.0000000000000000
   0.0000000000000000
   0.0000000000000000
   0.0000000000000000
   3.5222870415046077
   5.6128857207219669
  12.1104735020692402
  18.9910804990469622
  24.6132997672373932
  29.3053332073488164
  37.9413967385558735
  40.2651495314990839
  48.7974652220443375
  56.3796396977479830
  60.9712279337358964
  64.9552304925893935
  72.3757016982067967
  76.3705220404516609
  91.4169922900494072
  97.7556807961606893
 116.7866259424395707
 122.9667130063715774
 145.3288912856354216
 160.3586320954900657
 166.1040666542991744
 178.2585691102988505
 180.1674492685559414
 190.8696042035457481
 209.3893375065460418
 216.6475173384645529
 223.4428374966651916
 236.0844059168761078
 244.1336515914705387
 249.0319698430369328
 264.5581878846402333
 295.8808243885282536
 305.8100493161828695
 317.1751738619199728
 323.8799337509985321
 331.5726845667666112
 345.0139785195027571
 354.0084464171858940
 358.2845473719872871
 360.7140851580351182
 370.7880338691404631
 385.1010763713163101
 386.8898102196849322
 402.8569953267560209
 406.2514293764610329
 426.3300020174432916
 436.3094626475228779
 441.5005488812445833
 485.6718492034615906
 488.5033249977860237
 505.7117426136294398
 521.5439394534920439
 525.8085204979793161
 535.8373321944134204
 542.7739196913283877
 547.9448538259248380
 558.8473265025453429
 575.1835718881853836
 581.3806025810021083
 596.4539527611951826
 607.4645211740456716
 614.7856966096303495
 629.7977980450419864
 640.9342977840263984
 650.1068536836947942
 664.1607004967661396
 672.8103947008147543
 691.4076374360189448
 695.8478576843374412
 729.9942427937972980
 736.6117868895686343
 742.3989987260113139
 774.5762403974906647
 794.0735152509346335
 803.9517670623364438
 829.9658098500744927
 843.7420381091145600
 848.4400280097470386
 871.8578472468263953
 886.9735982509442920
 912.1128934586895411
 920.9313921098869287
 924.7596759230084444
 939.5326986449273363
 964.4303232842603393
 966.7312226628873759
 977.6823022263075700
 988.7611520207810827
1009.9370144506982570
1036.7184087094965435
1043.3674636519597243
1066.8653068777889530
1081.8467220348761657
1100.2852394881115288
1120.4226295057633251
1134.4835917722678005
1135.0854118442252911
1138.2468501585774447
1155.0475342136157906
1157.7533507379907860
1183.1575618207602929
1187.1874454957617218
1197.1288359103828043
1200.8013809055992169
1217.4773404793811551
1234.4833744100124022
1241.3146125125845174
1245.8861860825104486
1254.0802190021447586
1260.0708057474234920
1288.0528596801293588
1301.5073882265007796
1312.2525628600183154
1316.0247790463058664
1332.1003438730790549
1341.2800052589423103
1350.5805505749267468
1368.2866042399477919
1399.7376238313408976
1406.0405214411571251
1411.5953283233111506
1422.9234191309703874
1434.5656387076694500
1449.3754316481840760
1464.3080974706360848
1469.8647552137620096
1477.3652859525032000
1503.2858050340651062
1508.1559629060805037
1516.7119638784336075
1520.1851815926895597
1521.9452930064480825
1524.6771869254346257
1532.8245733530361576
1543.7580904057108455
1547.7889824041765223
1555.2745204980740255
1557.5756819598532275
1563.5143841528290523
1566.0249020006274350
1568.3617809986526481
1572.5350833173747560
1575.4066702559530313
1579.1504460025118988
1584.5438418103315144
1599.3080562083757741
1601.2834268462636373
1611.1842179991710964
1620.9118626272804704
1637.0888310269824615
1652.3119664215732882
1671.7849455342170586
1713.0410726654004065
1728.2205532534346730
1732.0312124368342666
1780.8739819814643397
1791.1466212221043861
1865.1353258740132333
1868.9485451738446500
1903.5156549858138533
3172.9383663311136843
3176.3709569276893490
3181.3489948177457336
3194.2599561549773171
3227.6468745270144609
3241.2457828111423623
3248.3651907194189334
3254.4820084544076053
3262.9123893163482535
3268.7077595593759725
3288.9434042008983852
3290.5782584484413746
3303.9886553045389519
3305.2226790534073189
3318.0493874069479716
3355.4211240562085550
3369.5379519175940004
3426.4232561627845826
3493.4491645398484252
3496.2019386066294828
3678.6575392393215225
3747.7337395915601519
3808.3952206050184941
3827.8815995411841868
4098.5360830685376641
4130.1206705159393096
